0.195640 115
0.001532 74
0.014431 105
1.767420 29
0.168678 2
0.000067 15
0.050249 45
2.014335 36
0.500377 58
0.000020 36
0.000014 6
0.000013 19
0.000016 18
0.000013 4
0.000015 2
0.000012 8
0.000014 15
0.000016 18
0.000013 4
0.000013 2
0.000014 4
0.000016 19
0.000016 18
0.000013 4
0.000041 25
0.000013 22
0.000042 23
0.000013 9
0.000012 4
0.000014 4
0.000013 5
0.000013 14
0.000013 13
0.000030 8
0.000013 15
0.000016 9
0.000012 4
0.519025 61
0.000016 39
0.000040 9
0.000014 33
0.000013 4
0.011979 56
0.065782 56
0.090711 56
0.024051 56
0.081408 56
0.041008 56
0.101266 56
0.041026 56
0.092051 56
0.047889 23
0.000049 83
0.000142 93
0.005579 56
0.086881 56
0.051782 56
0.093181 56
0.047967 56
0.089511 56
0.052679 56
0.080651 56
0.066352 56
0.001474 53
0.000020 23
0.000036 30
0.000015 4
0.000015 4
0.000015 15
0.000014 24
0.000169 46
0.062516 56
0.082853 56
0.054981 56
0.089135 56
0.050508 56
0.093905 56
0.044972 56
0.093664 56
0.000040 23
0.000057 42
0.000015 38
0.000015 8
0.000013 38
0.008821 56
0.032842 56
0.113251 56
0.025113 56
0.122311 56
0.012499 56
0.127922 56
0.011603 56
0.130721 56
0.006767 56
0.137158 56
0.000435 56
0.137044 23
0.000018 33
0.006782 56
0.133120 56
0.009477 56
0.129963 56
0.014401 56
0.120011 56
0.026993 56
0.108213 56
0.037805 56
0.098102 56
0.044325 56
0.097623 56
0.043203 56
0.095312 56
0.045307 56
0.092461 56
0.052794 56
0.087115 56
0.055521 56
0.078345 56
0.066352 56
0.066225 56
0.077994 56
0.059614 56
0.086762 56
0.048338 56
0.023883 70
0.000021 23
0.040860 56
0.073705 46
0.070970 55
0.148373 55
0.109979 23
0.000018 32
0.109428 55
0.100798 55
0.111435 23
0.000015 32
0.117869 55
0.114370 55
0.113597 23
0.000017 32
0.101800 55
0.107416 55
0.116252 55
0.120591 55
0.122625 23
0.000049 32
0.105128 55
0.117666 23
0.000071 32
0.193716 55
0.168332 55
0.011376 55
0.131407 42
0.088226 55
0.104400 55
0.109519 55
0.100473 55
0.124158 55
0.102995 23
0.000076 32
0.112076 55
0.106785 55
0.109678 55
0.104232 55
0.112274 55
0.108132 55
0.195560 55
0.134201 55
0.045243 23
0.000115 32
0.079693 42
0.006023 52
0.000638 52
0.091116 42
0.006077 52
0.000675 52
0.083481 42
0.006124 52
0.000616 52
0.081797 42
0.005484 55
0.000517 55
0.082232 42
0.017380 81
0.005595 49
0.396573 66
0.374992 140
0.002332 74
0.014973 105
0.966704 29
0.272606 17
0.097060 66
0.378472 140
0.001593 74
0.015002 105
0.748975 29
0.062611 17
0.097944 66
0.375087 140
0.001682 74
0.014793 105
1.463949 1
0.071650 1
0.111183 1
0.045824 1
0.142968 1
0.024030 1
0.095995 1
0.639091 1
0.128935 1
0.069043 1
0.121252 1
0.101688 1
0.169978 2
0.000088 15
0.049091 218
0.000013 125
0.000005 27
0.000017 60
0.000006 2
0.008537 123
0.001445 74
0.014901 105
2.143005 1
0.077916 1
0.144075 1
0.903677 4
0.500455 1
0.114813 1
0.041982 1
0.080057 1
0.080944 1
0.340194 1
0.663095 1
0.100750 1
0.076055 1
0.112908 1
0.074938 1
0.055126 1
0.161906 1
0.161018 1
0.152999 1
0.068987 1
1.171233 1
2.246066 1
0.141701 1
1.995130 1
0.389922 1
0.551074 1
0.405888 2
0.000134 15
0.380351 8
0.008912 138
0.001665 74
0.016381 105
2.153912 27
0.126505 28
2.135358 2
0.000135 15
0.049593 215
0.000023 42
0.000012 44
0.000036 76
0.000010 29
0.000013 3
0.000012 30
0.000011 20
0.000012 4
0.000012 21
0.008432 123
0.002296 74
0.015614 105
0.850839 1
0.200724 1
0.066022 1
0.099022 1
0.055953 2
0.000100 21
