0.193321 115
0.001548 74
0.014322 105
1.579961 1
0.030683 1
0.158078 1
0.071970 1
0.144036 1
0.081997 1
0.059044 1
0.191984 1
0.075009 1
0.051905 1
0.423056 4
0.097988 4
0.081892 1
0.072167 1
0.202935 1
0.276012 1
1.030120 4
0.430946 1
0.071922 1
0.259016 2
0.000151 15
0.055120 331
0.000015 102
0.000007 12
0.000008 37
0.000019 16
0.000007 23
0.000007 13
0.000006 23
0.000006 3
0.000007 24
0.008133 124
0.001780 74
0.016104 105
2.579617 1
0.146964 1
0.293012 1
1.287038 1
0.081934 1
0.059033 1
0.081073 1
0.156155 1
0.089760 1
0.114005 1
0.093999 1
0.594005 1
2.125923 1
1.842046 1
0.530209 2
0.000152 15
0.292302 4
0.006729 125
0.001238 74
0.012306 105
2.995079 1
0.051968 1
0.147058 1
0.162034 1
0.342966 1
0.070983 1
0.061100 1
0.160941 1
0.042947 1
0.125001 1
0.098032 1
0.052056 1
0.098871 1
0.115139 1
0.265978 1
0.122918 1
0.597006 4
0.139021 1
0.043939 1
0.201104 1
0.203930 1
0.415998 2
0.000133 15
0.049259 207
1.104753 1
1.685069 2
0.042886 221
0.006726 32
0.008707 130
0.001663 74
0.013765 105
5.536289 1
0.073697 1
0.117990 1
0.114011 1
0.111999 1
0.046998 1
0.072172 1
0.129934 1
0.080999 1
0.820039 1
0.133949 1
0.182034 1
0.451933 2
0.000128 15
0.045370 72
0.007113 123
0.001678 74
0.013670 105
1.039158 1
0.062899 1
0.144012 1
0.080981 1
0.164008 1
0.068996 1
0.093077 1
0.726133 1
0.085731 1
0.053133 1
0.108951 1
0.055941 1
0.095039 1
0.318005 2
0.000154 15
0.045025 117
0.007516 124
0.001509 74
0.014240 105
2.349460 1
0.067020 1
0.183991 1
1.487272 1
0.084751 1
0.054970 1
0.098092 1
1.182008 1
0.075961 1
0.043924 1
0.111106 1
0.044995 1
0.096104 1
0.173889 1
0.084992 1
0.128094 1
0.610126 1
0.107784 1
0.093014 1
0.089056 1
0.119908 1
0.381031 2
0.000136 15
0.285780 687
0.009727 132
0.001376 74
0.014978 105
1.738356 21
0.163769 13
0.461885 17
0.045085 50
0.007675 124
0.001661 74
0.014422 105
3.334022 1
0.201096 1
0.188001 1
0.127012 1
0.097973 2
0.000150 21
