0.173305 115
0.001157 74
0.012727 105
1.171171 73
0.223124 2
0.000151 15
0.086208 66
0.366639 184
0.001490 74
0.012781 105
4.348807 1
0.061911 1
0.102215 1
0.092966 1
0.119815 1
0.042284 1
0.084962 1
0.144831 1
0.211824 1
0.374099 1
0.199009 1
0.705128 1
0.323078 1
0.194962 1
0.173871 1
0.123047 1
0.163916 1
0.028966 1
0.530040 1
0.170991 1
0.063964 1
0.134023 1
0.077077 1
0.400249 1
0.102703 1
0.052921 1
0.142000 1
0.793401 2
0.000151 15
0.142592 68
2.098361 1
0.160457 1
0.059800 1
0.048219 1
0.198970 1
0.149051 1
0.067802 1
0.165187 1
0.341860 1
0.048980 1
0.234978 1
0.137081 1
0.093868 1
0.088020 1
0.091020 1
0.179026 1
0.645570 3
0.221358 1
0.598730 1
0.221580 1
0.047929 1
0.246334 7
0.559593 2
0.002142 103
0.000503 68
1.901404 1
0.081023 1
0.022949 1
0.131006 1
0.157072 1
0.106938 1
0.110115 1
0.060877 1
1.429657 1
0.343398 1
0.287969 1
0.045974 1
0.227262 7
1.172860 2
0.001473 420
2.001403 31
1.999279 31
2.000330 31
2.000429 117
2.000117 31
2.000378 31
0.638348 2
0.000461 70
0.429221 1
0.174406 1
0.101092 1
0.064000 1
0.131924 8
0.016243 138
0.001691 74
0.014547 105
0.377574 1
0.185944 1
0.122128 1
0.129924 1
0.072098 2
0.000086 21
