0.180278 115
0.001268 74
0.013444 105
1.833106 44
0.906709 2
0.000138 15
0.050463 51
0.085149 30
1.984435 36
0.537968 25
0.000031 22
0.000100 49
0.000017 8
0.000064 37
0.505526 153
0.001696 107
0.000018 23
0.000060 84
0.000057 9
0.000018 14
0.000012 20
0.000011 4
0.000075 9
0.000011 14
0.000041 23
0.060535 109
0.118139 109
0.117279 109
0.118064 109
0.117167 109
0.115851 109
0.117649 109
0.130869 109
0.113124 23
0.000023 86
0.109681 109
0.116162 109
0.116765 109
0.117132 109
0.115879 23
0.000017 82
0.000013 4
0.106521 109
0.117413 109
0.117344 109
0.116910 109
0.118408 109
0.116338 105
0.000032 4
0.116450 109
0.053188 47
0.000055 42
0.000014 4
0.073753 108
0.134243 23
0.000048 85
0.106580 23
0.000026 85
0.115075 108
0.118986 108
0.113206 108
0.104407 108
0.100599 108
0.110659 108
0.133265 108
0.109903 108
0.111190 108
0.108004 108
0.105560 23
0.000051 85
0.126134 108
0.142998 23
0.000030 85
0.148665 23
0.000019 85
0.116969 42
0.005999 106
0.000504 106
0.093516 42
0.005753 106
0.000656 106
0.096262 42
0.017740 81
0.005080 49
0.006550 53
0.165354 31
0.123997 124
0.034588 31
0.447644 66
0.153422 77
0.021493 75
0.041966 77
0.101611 82
0.061129 81
0.411064 92
0.565009 87
0.043946 77
0.184451 84
0.000468 90
0.206853 91
0.149267 92
0.000868 86
0.303022 92
0.019808 88
0.000436 92
0.051067 94
1.330688 59
1.063877 2
0.092518 24
1.015828 2
0.034812 27
0.135705 32
0.105453 54
0.000181 349
0.000173 104
0.000835 175
0.078782 47
0.000241 434
0.000102 24
0.085485 286
0.272971 114
0.052404 112
0.012384 112
0.042399 109
0.001229 114
0.002425 111
0.053808 103
0.000887 107
0.010988 115
0.004708 98
0.001529 102
0.003514 107
0.001641 105
0.009487 109
0.002476 108
0.015305 105
0.004203 106
0.009176 106
0.019417 109
0.001471 107
0.008255 139
0.001286 130
0.004178 120
0.001310 120
0.013190 105
0.006573 112
0.004674 110
0.018582 106
0.013469 136
0.189948 84
0.030448 35
0.048593 82
0.001613 389
0.001131 26
0.000829 26
0.001031 26
0.000244 26
0.000564 100
0.000280 78
0.018727 59
0.173215 51
0.001415 76
0.004993 51
0.120687 59
0.001346 74
0.004709 51
0.087542 62
0.000964 74
0.004657 55
0.089727 56
0.001272 70
0.005389 47
0.045049 65
0.001199 75
0.005235 56
0.052163 62
0.001171 72
0.005137 53
0.056984 62
0.001321 73
0.005223 54
0.046932 59
0.001218 69
0.004926 50
0.083101 66
0.001171 76
0.005223 57
0.058879 57
0.001309 66
0.005201 47
0.040021 56
0.001281 70
0.004910 47
0.050448 68
0.001257 75
0.004726 56
0.046261 67
0.001376 74
0.005053 55
0.061190 70
0.001273 77
0.004091 58
0.046087 69
0.001325 76
0.004357 57
0.051334 66
0.001227 73
0.004362 54
0.047693 68
0.001242 75
0.007140 56
0.056867 68
0.001257 75
0.007278 56
0.061595 70
0.001215 77
0.004386 58
0.044570 68
0.001143 75
0.004276 56
0.043602 69
0.001316 99
0.004469 80
0.038076 60
0.001234 90
0.004438 71
0.048800 58
0.001261 80
0.004319 57
0.047697 63
0.001411 81
0.007112 62
0.056649 63
0.001179 73
0.004397 54
0.048389 58
0.000850 80
0.004029 61
0.061880 58
0.001308 71
0.007969 52
0.060851 48
0.001248 67
0.004822 42
0.056583 66
0.001310 96
0.004757 77
0.062047 55
0.035035 58
0.021948 48
0.014480 81
0.019817 72
0.017114 57
0.013674 62
0.013086 57
0.012930 48
0.013320 48
0.012257 60
0.121694 163
0.000266 529
0.059374 59
0.014313 52
0.018860 56
0.014014 55
0.014253 78
0.022642 52
0.129222 163
0.000103 529
0.496046 45
0.746696 30
0.046173 54
0.014642 55
0.014593 56
0.014015 58
0.013957 57
0.016738 51
0.013276 57
0.013994 59
0.013149 58
0.015995 57
0.013467 63
0.013827 53
0.016552 43
0.017351 57
0.026408 65
0.010995 45
0.554262 80
0.001492 8
1.876278 95
0.196948 55
0.036551 31
0.621966 94
0.037370 31
0.122514 66
0.001752 33
0.013731 35
0.012640 155
0.001611 74
0.014849 105
2.353140 26
0.911315 2
0.000083 15
0.446850 15
1.182349 1
0.085997 1
0.095979 1
0.136022 1
0.097990 1
0.240175 1
0.336838 1
0.166915 1
0.200988 1
0.615251 1
0.098550 1
0.604177 27
1.024565 239
0.154773 137
0.001471 74
0.014104 105
1.287760 1
0.215732 1
0.154017 1
0.125955 1
0.932191 2
0.000083 21
