0.200770 115
0.002036 74
0.015694 105
0.876787 105
0.421068 2
0.000169 15
0.058741 73
2.012979 56
0.000022 47
0.000013 6
0.000012 4
0.000011 15
0.000016 18
0.000011 4
0.517889 110
0.001866 129
0.000039 23
0.102496 110
0.103644 110
0.103177 110
0.102362 110
0.014056 43
0.000015 4
0.000097 46
0.001062 109
0.104636 109
0.101486 23
0.000018 86
0.056400 109
0.036445 42
0.008830 105
0.000495 105
0.086964 42
0.013684 81
0.005437 77
0.436607 58
2.000205 37
2.000591 37
2.000272 37
2.000278 37
2.000485 74
0.968336 2
1.032048 37
1.997139 2
0.003164 37
0.186171 216
0.001236 74
0.014414 105
1.668164 1
0.574684 4
0.063007 1
0.158016 1
0.071112 1
0.075904 1
0.632958 1
0.421083 1
0.224931 1
0.064995 1
0.262455 7
0.563584 2
0.000076 15
0.001625 334
0.005017 126
0.002313 74
0.017193 105
7.800044 1
0.182713 1
0.057098 1
0.090010 1
0.077976 2
0.000092 21
