0.195221 115
0.002407 74
0.015006 105
1.948045 65
0.336431 2
0.000081 15
0.092957 66
0.394804 176
0.001668 74
0.014373 105
5.108295 1
0.581366 65
1.005483 2
0.000155 15
0.095777 66
0.351367 176
0.001502 74
0.013308 105
1.295205 1
0.056638 1
0.119992 1
0.098997 1
0.120018 1
0.060002 1
0.072102 1
0.331945 1
0.431975 1
0.183906 1
0.176156 1
0.144020 1
0.122923 1
0.124009 1
0.103015 1
0.082087 1
0.318949 1
0.104957 1
0.082007 1
1.323355 1
0.211653 1
0.055033 1
0.082922 1
0.269047 1
0.613974 2
0.000152 15
0.150269 68
2.307865 1
0.148624 1
0.115928 1
0.164941 1
0.096165 1
1.496326 1
0.233621 1
0.094080 1
1.591874 1
0.075090 1
0.285154 7
1.398911 2
0.000753 31
0.000592 68
5.203013 1
0.066553 1
0.280915 1
0.149983 1
0.133115 1
0.095870 1
0.138127 1
0.052970 1
0.378813 1
0.072115 1
0.211847 1
0.078046 1
0.705348 5
0.419670 2
0.002015 365
1.000288 117
2.000409 31
2.000214 31
0.415988 2
0.000414 2
0.000239 68
1.259473 1
0.187968 1
0.109051 1
0.101964 1
0.593346 8
0.015692 135
0.002391 74
0.014345 105
0.699608 1
0.055796 1
0.357059 1
0.162988 1
0.128012 1
0.082014 1
0.063070 1
0.229878 1
0.313030 1
0.192020 1
0.170028 1
0.132035 1
1.180036 1
0.124913 1
0.122986 1
0.063060 1
0.215982 1
0.050933 1
0.193175 1
0.190934 1
0.504919 1
0.059991 1
0.556988 2
0.000149 15
0.135269 19
0.005387 19
1.523934 1
0.140082 1
0.009048 1
0.131047 1
0.183983 1
0.176854 1
0.089041 1
0.252196 1
0.113797 1
0.042000 1
0.241025 1
0.143953 1
0.035002 1
0.150070 1
0.075022 1
0.318215 1
0.758742 4
0.246012 1
0.346018 1
0.223970 1
0.066020 1
0.213233 45
0.449604 2
0.002097 344
0.000470 19
3.420908 1
0.069652 1
0.068024 1
0.174014 1
0.154030 1
0.094968 1
0.141057 1
0.060977 1
0.788064 1
0.060860 1
0.137070 1
0.744124 36
0.395854 2
0.001270 365
2.000325 117
2.000163 31
1.524205 2
0.000443 2
0.000246 19
0.488257 1
0.192470 1
0.107475 1
0.112102 1
0.100975 2
0.017094 133
0.001576 74
0.014469 105
0.892241 1
0.052816 1
0.138025 1
0.101972 1
0.114020 1
0.054014 1
0.063118 1
0.198962 1
0.076897 1
0.058111 1
0.121963 1
0.067002 1
0.102996 1
0.929009 2
0.000077 15
0.046681 248
0.007652 124
0.001503 74
0.013085 105
2.519320 1
0.178682 1
0.064004 1
0.100010 1
0.106989 2
0.000157 21
