0.186721 115
0.001572 74
0.014048 105
0.757200 187
0.125677 2
0.000040 15
0.500165 13
0.073328 164
0.153428 269
0.022204 199
0.009757 103
0.032552 179
0.008433 103
0.060642 36
0.033031 180
0.078758 68
0.040687 103
0.000639 58
0.032849 231
0.002907 420
0.005663 146
0.009404 292
0.010478 57
0.043134 148
0.004722 91
0.000064 57
0.013981 91
0.048217 37
0.169413 196
0.305554 164
0.025717 119
0.096685 223
0.011910 343
0.000182 92
0.005116 161
0.326440 440
0.001142 435
0.018649 434
0.159378 429
0.080978 436
0.028448 437
0.000764 151
0.004520 86
0.500804 27
0.034890 69
0.003630 70
0.051923 70
0.063326 70
0.076322 70
0.023255 70
0.000971 70
0.049845 94
0.020008 29
0.082549 29
0.008768 29
0.054466 58
0.030867 58
0.550546 60
0.010466 60
0.047895 60
0.008577 30
0.003945 60
0.036478 60
0.001891 60
0.002302 60
0.014041 60
0.005657 60
0.012647 60
0.000494 60
0.008120 33
0.082343 29
0.053062 29
0.008516 29
0.053992 58
0.030370 58
0.586855 60
0.010717 60
0.021223 30
0.024625 60
0.013372 60
0.036682 60
0.002025 60
0.002400 60
0.014303 60
0.005839 60
0.012651 60
0.000567 60
0.008119 33
0.017255 64
0.022611 66
0.096972 138
0.113087 369
0.000113 111
0.000191 41
0.000693 172
0.058695 268
0.000237 210
0.000281 41
0.004238 169
0.010780 13
0.071191 159
0.239318 50
0.033308 154
0.053117 239
0.012169 244
0.046765 239
0.001385 249
0.080807 246
0.003567 234
0.000785 209
0.011930 244
0.004728 234
0.001782 203
0.003709 236
0.009418 252
0.001504 229
0.004981 260
0.001032 65
0.023529 176
0.007661 256
0.003888 255
0.009302 255
0.017471 262
0.001372 261
0.008131 255
0.001313 239
0.004184 253
0.001505 254
0.013204 66
0.011628 171
0.012577 249
0.004533 233
0.014494 231
0.019793 224
0.013685 235
0.004137 111
0.189235 75
0.075265 81
0.001647 363
0.002440 26
0.000394 26
0.000358 52
0.000271 26
0.000737 99
0.000307 70
0.008525 51
0.182170 50
0.001397 68
0.004792 43
0.115603 58
0.000936 73
0.004425 50
0.073925 61
0.000900 73
0.004485 54
0.093277 55
0.001403 69
0.004702 46
0.042827 64
0.001391 74
0.004204 55
0.059701 61
0.001399 71
0.004578 52
0.049424 61
0.001357 68
0.004484 49
0.046832 58
0.001443 68
0.004979 49
0.088903 65
0.001355 75
0.004344 56
0.053316 56
0.001388 66
0.004459 47
0.039545 55
0.001295 69
0.008089 46
0.061644 59
0.001356 70
0.005167 51
0.080490 67
0.001313 81
0.005299 62
0.051175 66
0.001390 80
0.004919 61
0.064293 69
0.001392 83
0.004670 64
0.047256 68
0.001338 82
0.005000 63
0.057103 65
0.001373 79
0.004739 60
0.051846 67
0.001263 81
0.008997 62
0.059877 67
0.001201 81
0.004520 62
0.064213 69
0.001467 83
0.004763 64
0.046465 67
0.001435 81
0.004638 62
0.046034 68
0.001272 76
0.004740 57
0.050013 59
0.002138 67
0.004362 48
0.042778 57
0.001403 78
0.004203 55
0.042285 62
0.001337 79
0.004367 60
0.059665 62
0.001235 71
0.004523 52
0.049083 57
0.001353 85
0.004163 66
0.045724 57
0.001398 68
0.004480 49
0.059633 57
0.001331 69
0.007451 50
0.061076 47
0.001428 65
0.004435 40
0.055813 65
0.001421 73
0.004481 54
0.066036 50
0.012592 48
0.012202 52
0.142488 250
0.000344 526
0.043163 52
0.014582 55
0.016898 55
0.022051 53
0.013457 47
0.015776 56
0.017581 56
0.012707 58
0.016249 67
0.013230 53
0.016923 49
0.016338 63
0.016056 50
0.016499 44
0.020506 47
0.013045 65
0.016978 62
0.013525 64
0.013679 51
0.134092 250
0.000252 526
0.495107 44
0.781649 29
0.042276 61
0.014166 57
0.019257 50
0.014803 63
0.016808 63
0.013987 65
0.013531 63
0.014144 61
0.016565 51
0.014372 41
0.013587 56
0.051493 64
0.012220 44
0.571064 78
0.001701 7
0.044626 16
1.529718 1
0.082212 1
0.115001 1
0.148014 1
0.101944 1
0.273072 1
0.414912 1
0.135009 1
0.144082 1
0.166005 1
0.052900 1
0.112121 15
1.021941 239
0.280991 298
0.001740 74
0.015520 105
0.784402 1
0.148731 1
0.044980 1
0.109991 1
0.055001 2
0.000070 21
